50
0
2183161
1
2226048
2
2251975
3
2268931
4
2297853
5
2308825
6
2314808
7
2319795
8
2323786
9
2454436
10
2474381
11
2489343
12
2494326
13
2515274
14
2525246
15
2538210
16
2544195
17
2561151
18
2562147
19
2584089
20
2616003
21
2641933
22
2654900
23
2679834
24
2705764
25
2720723
26
2725711
27
2726707
28
2731695
29
2741668
30
2800509
31
2801505
32
2848381
33
2864338
34
2875309
35
2882291
36
2949113
37
3033887
38
3162544
39
3215400
40
3257289
41
3327102
42
3487672
43
3499640
44
3596380
45
3739001
46
3779890
47
3866659
48
4017796
49
4043185
